File type = "ooTextFile"
Object class = "PitchTier"

xmin = 27.802031746031748 
xmax = 31.290031746031747 
points: size = 5 
points [1]:
    number = 27.81762265512266 
    value = 286.63391637936564 
points [2]:
    number = 28.444895382395387 
    value = 199.61651956937203 
points [3]:
    number = 28.847168109668115 
    value = 252.18411317913788 
points [4]:
    number = 30.285804473304477 
    value = 259.1139053504882 
points [5]:
    number = 31.27444083694084 
    value = 201.84617805602292 
